0    1       2.47845404E-02  6.87143288E-02 -2.66634742E-11
0    2       6.87143329E-02 -2.47845315E-02 -1.25682051E-11
0    3      -4.87178145E-02  5.81818367E-02  6.04544525E-15
0    4       5.81818214E-02  4.87178149E-02  7.72032847E-15
1    5       4.01083048E-02 -2.14773732E-02  2.28863614E-10
1    6      -2.14773776E-02 -4.01083522E-02 -1.51965846E-10
1    7       1.57382611E-02  4.36337438E-02  8.49341365E-11
1    8      -6.57065674E-02  2.36996858E-02 -3.02465260E-10
2    5       2.14773310E-02  4.01083592E-02  1.46721585E-10
2    6       4.01082904E-02 -2.14773226E-02  2.26378057E-10
2    7       4.36338379E-02 -1.57382461E-02  3.19570759E-10
2    8       2.36996654E-02  6.57065608E-02  3.40390626E-10
3    5       1.68001044E-03 -4.67712332E-02  5.78822981E-11
3    6      -4.67711500E-02 -1.68000332E-03  1.53800584E-10
3    7      -3.05972531E-02  3.65410557E-02  8.27887260E-11
3    8       4.99679723E-02  4.18400590E-02 -1.33451174E-10
4    5       4.67712058E-02  1.67994882E-03 -1.56458108E-10
4    6       1.67995970E-03 -4.67712221E-02  6.17397333E-11
4    7       3.65411150E-02  3.05971795E-02 -1.05250435E-10
4    8       4.18400213E-02 -4.99679410E-02  4.10577709E-10
