0 1 6.87143288E-02
0 2 -2.47845315E-02
0 3 5.81818367E-02
0 4 4.87178149E-02
0 7 2.51882481E-13
1 4 7.89830923E-14
1 5 -2.14773732E-02
1 6 -4.01083522E-02
1 7 4.36337438E-02
1 8 2.36996858E-02
2 5 4.01083592E-02
2 6 -2.14773226E-02
2 7 -1.57382461E-02
2 8 6.57065608E-02
3 2 1.14422420E-13
3 3 5.54387293E-13
3 4 2.10532283E-14
3 5 -4.67712332E-02
3 6 -1.68000332E-03
3 7 3.65410557E-02
3 8 4.18400590E-02
4 3 2.10532283E-14
4 4 1.68404325E-13
4 5 1.67994882E-03
4 6 -4.67712221E-02
4 7 3.05971795E-02
4 8 -4.99679410E-02
5 6 -4.91157021E-11
5 7 -4.38950514E-09
5 8 1.12928097E-09
6 7 -3.62201107E-10
6 8 -3.16728702E-09
7 8 4.46387610E-10
