0 1 -2.66634742E-11
0 2 -1.25682051E-11
0 3 6.04544525E-15
0 4 7.72032847E-15
0 7 1.59526830E-05
1 4 1.07168358E-02
1 5 2.28863614E-10
1 6 -1.51965846E-10
1 7 8.49341365E-11
1 8 -3.02465260E-10
2 5 1.46721585E-10
2 6 2.26378057E-10
2 7 3.19570759E-10
2 8 3.40390626E-10
3 2 -1.07168358E-02
3 3 -1.37503535E-01
3 4 -1.22882719E-09
3 5 5.78822981E-11
3 6 1.53800584E-10
3 7 8.27887260E-11
3 8 -1.33451174E-10
4 3 -1.22882719E-09
4 4 -1.37503533E-01
4 5 -1.56458108E-10
4 6 6.17397333E-11
4 7 -1.05250435E-10
4 8 4.10577709E-10
5 6 1.86730257E-07
5 7 1.55995671E-07
5 8 5.36019740E-07
6 7 1.87303769E-07
6 8 3.10637496E-07
7 8 3.62755783E-08
