0 1 2.47845404E-02
0 2 6.87143329E-02
0 3 -4.87178145E-02
0 4 5.81818214E-02
0 7 -1.41955028E-13
1 4 -2.25592193E-13
1 5 4.01083048E-02
1 6 -2.14773776E-02
1 7 1.57382611E-02
1 8 -6.57065674E-02
2 5 2.14773310E-02
2 6 4.01082904E-02
2 7 4.36338379E-02
2 8 2.36996654E-02
3 2 -3.52736944E-13
3 3 -4.61260136E-13
3 4 1.88835529E-13
3 5 1.68001044E-03
3 6 -4.67711500E-02
3 7 -3.05972531E-02
3 8 4.99679723E-02
4 3 1.88835529E-13
4 4 -4.21032358E-13
4 5 4.67712058E-02
4 6 1.67995970E-03
4 7 3.65411150E-02
4 8 4.18400213E-02
5 6 3.45786399E-11
5 7 3.62910724E-10
5 8 3.18430951E-09
6 7 -4.35785323E-09
6 8 1.11244051E-09
7 8 3.57778329E-10
